40,40
4.49,3.74,2.99,2.16,3.14,2.85,2.76,1.37,1.75,2.48,3.35,4.2,2.0,3.76,4.65,2.76,1.14,1.99,4.59,3.48,3.0,4.1,4.11,3.04,2.45,2.88,3.62,4.83,1.83,1.51,1.0,1.13,3.89,1.3,3.29,3.43,4.44,4.08,2.58,2.17
1.37,2.34,2.97,1.06,4.21,2.1,4.19,2.81,1.71,2.04,4.07,2.27,1.85,4.88,4.16,3.7,3.98,1.35,1.38,2.29,3.34,2.01,2.96,2.19,4.91,1.71,1.84,1.67,4.74,2.37,2.55,4.74,4.99,4.74,4.2,2.72,4.86,2.89,3.7,1.6
3.21,2.17,4.33,3.8,1.56,3.46,4.96,4.35,2.42,1.48,4.48,3.85,3.3,4.11,2.83,3.45,1.13,3.26,4.05,3.39,1.57,4.22,1.15,2.3,2.38,3.39,4.57,1.92,4.05,4.7,4.84,1.98,3.88,1.94,2.45,4.57,2.63,3.43,4.37,4.96
1.51,3.1,1.82,2.28,4.34,3.27,4.13,1.6,4.44,2.25,2.57,3.07,4.54,3.87,1.19,4.24,4.29,3.95,2.24,2.79,3.27,3.98,4.59,3.09,1.06,3.81,1.7,2.51,2.24,1.67,3.55,2.25,4.98,4.48,4.68,3.2,1.83,1.1,3.8,4.68
3.17,4.77,2.28,3.17,3.59,2.41,2.37,2.55,2.93,4.5,4.86,2.0,1.51,4.03,2.34,1.17,3.34,3.95,1.25,4.92,1.52,3.47,3.67,3.89,4.09,4.59,1.54,2.27,3.71,3.53,4.26,4.88,4.82,3.96,4.2,1.52,3.51,2.25,3.72,2.11
4.39,2.39,4.77,3.63,4.22,2.68,1.89,3.24,1.88,4.87,2.16,3.25,4.03,2.35,3.45,3.49,3.22,4.39,4.9,1.27,2.46,1.61,2.84,3.21,3.32,1.27,4.68,1.23,1.84,2.52,1.82,1.22,4.13,3.93,1.07,2.22,4.24,1.53,2.03,3.78
3.2,1.98,2.84,3.7,4.93,4.79,1.03,3.42,1.09,1.78,1.66,3.82,2.49,1.95,2.24,1.93,3.75,1.13,4.49,3.37,2.63,3.14,2.57,1.36,3.48,1.32,3.68,3.37,2.34,3.16,4.6,2.87,2.44,3.52,5.0,4.1,3.06,3.52,4.36,2.5
1.62,3.34,1.41,4.86,2.08,4.86,2.13,1.88,3.78,3.33,1.77,1.15,2.1,3.85,2.51,4.01,1.99,2.06,1.98,2.04,3.78,1.59,3.72,2.28,4.49,4.29,4.7,1.78,4.58,4.56,4.24,3.53,3.17,1.44,4.99,4.01,1.06,3.04,1.37,3.32
1.05,2.47,1.67,4.34,4.64,3.56,4.38,1.14,4.0,1.11,2.1,3.71,2.09,2.17,3.75,3.71,2.72,1.41,2.84,4.6,1.44,1.68,1.98,3.83,1.14,1.55,4.49,1.15,2.23,3.21,3.83,2.93,3.11,4.48,4.42,3.93,2.05,3.44,3.84,1.05
1.93,1.32,1.43,3.3,2.99,4.83,1.9,3.89,4.44,1.88,1.69,4.12,3.13,1.26,2.74,2.84,4.6,3.21,3.7,2.15,2.66,1.82,3.32,3.17,2.61,4.63,1.78,3.12,2.53,4.37,1.79,3.66,4.83,3.7,2.34,3.39,4.17,4.22,2.95,4.89
4.68,2.94,2.95,3.8,4.6,4.74,2.5,2.92,4.43,1.33,2.43,2.64,2.31,3.77,4.11,3.99,3.2,1.64,4.94,3.99,3.93,1.75,2.98,4.75,2.13,3.08,3.07,4.04,1.53,3.22,1.53,1.11,4.46,2.72,2.18,1.15,3.55,3.21,2.86,2.92
1.5,2.22,1.66,3.48,3.37,3.15,4.71,2.62,2.97,4.79,3.28,3.37,3.32,4.49,4.35,2.43,3.32,1.7,4.78,2.76,2.4,1.91,1.49,1.53,4.96,3.53,4.52,1.94,1.24,1.8,2.13,1.09,2.08,2.01,1.07,1.15,1.4,2.88,2.25,3.07
4.27,1.25,2.77,3.29,4.51,3.78,3.21,4.91,3.22,3.36,2.71,3.31,3.49,3.54,4.7,3.15,4.46,3.98,1.65,1.59,3.55,1.24,1.38,2.79,1.61,3.64,3.77,4.09,4.8,2.11,1.31,3.42,3.11,3.1,3.03,4.37,1.11,4.18,4.88,2.3
4.15,2.6,2.68,4.48,4.01,2.36,4.88,1.41,1.89,2.81,2.96,3.76,3.64,1.42,1.93,3.62,3.92,3.48,4.4,1.22,3.69,1.5,2.89,4.78,3.13,4.2,1.12,2.22,1.03,3.12,4.15,3.29,4.54,4.34,4.33,3.94,2.14,1.52,3.47,1.82
1.7,3.42,2.6,1.73,2.39,3.32,4.71,1.41,1.73,4.5,2.44,1.98,1.19,2.77,1.99,1.84,4.15,4.68,2.68,2.45,2.28,1.94,4.76,1.85,4.63,4.86,2.63,2.39,1.41,3.85,4.53,4.62,3.72,1.7,4.2,1.31,4.45,2.74,2.65,3.9
1.77,1.41,2.86,4.53,3.86,4.41,1.74,1.48,4.52,2.44,3.77,1.8,4.6,3.61,3.84,3.52,4.82,1.96,1.75,4.27,4.33,2.7,3.88,1.67,3.29,1.57,2.65,1.55,3.74,3.3,3.46,1.99,2.75,2.75,3.09,3.91,4.72,3.51,1.08,3.33
1.91,1.59,3.52,4.3,2.24,3.62,4.93,4.44,1.22,4.92,2.77,3.95,4.45,4.36,2.87,4.25,4.0,2.41,4.85,1.78,3.36,1.02,4.67,1.59,3.91,1.96,2.24,2.94,2.11,2.97,4.47,1.43,2.38,2.31,1.4,1.09,1.65,2.99,2.45,4.12
4.06,4.11,4.56,2.04,1.66,4.39,1.18,1.85,3.84,4.39,2.22,2.66,3.75,4.79,1.59,3.56,4.54,3.01,2.71,4.58,3.56,2.85,1.44,2.24,2.14,2.29,4.77,3.46,1.95,1.92,1.64,2.94,3.21,2.57,1.71,3.91,2.56,1.76,4.61,1.08
1.48,2.88,4.1,4.55,2.43,3.39,2.01,2.23,3.95,2.81,2.66,4.37,4.08,1.92,2.47,1.08,3.8,4.94,4.52,3.41,3.72,4.83,2.71,4.84,2.01,3.73,2.21,4.59,1.14,2.19,3.73,3.73,4.93,2.93,4.51,3.88,4.19,3.1,1.27,3.61
2.73,1.14,4.33,3.88,1.53,3.99,4.08,3.99,1.52,3.84,1.41,1.65,1.78,1.05,4.03,3.07,2.77,2.9,1.32,1.39,2.38,4.58,2.69,2.76,1.06,1.08,2.22,4.9,2.43,2.3,2.04,3.23,2.94,4.41,1.6,2.26,3.2,1.02,3.67,1.61
4.76,2.57,3.52,2.68,4.12,1.95,1.09,1.58,4.78,1.2,4.66,4.24,3.98,3.38,4.6,1.85,3.67,2.66,4.0,3.7,4.01,2.2,4.3,1.32,1.01,1.43,4.24,2.67,2.92,3.75,4.11,2.01,3.99,4.74,1.7,1.09,3.25,3.29,2.13,2.83
3.77,1.4,1.66,2.18,3.7,2.5,3.14,4.78,4.02,2.53,2.71,2.46,1.51,2.64,1.46,3.72,1.9,3.78,2.27,2.52,3.93,2.67,3.11,4.66,4.12,3.64,3.28,1.88,2.25,2.09,1.94,3.01,4.86,4.07,3.93,4.26,2.79,3.11,2.17,4.23
1.17,2.68,3.1,3.21,4.57,1.57,3.91,3.99,4.44,3.57,4.86,2.26,3.73,1.23,4.38,1.74,4.18,2.25,3.78,4.18,1.48,4.24,1.23,4.36,4.23,3.86,1.53,2.11,1.99,3.7,1.36,1.93,4.65,1.83,1.08,3.65,2.01,3.59,3.4,2.54
2.58,3.98,4.33,3.79,2.16,3.54,3.46,2.77,3.23,1.8,2.75,4.84,1.47,4.14,3.74,4.23,4.26,4.06,3.84,2.8,2.5,2.94,1.18,4.32,4.24,4.39,3.6,4.84,2.29,1.14,2.23,4.66,2.26,2.3,2.02,2.76,1.83,2.36,1.52,3.31
2.94,1.06,1.65,3.07,4.29,3.29,3.1,1.9,4.22,2.34,1.05,1.18,3.67,4.59,4.67,3.12,3.37,4.65,4.22,1.19,2.82,2.37,1.47,2.97,3.95,2.5,4.85,4.98,2.23,1.62,4.75,1.49,1.58,2.04,4.23,1.31,1.69,4.66,1.62,3.89
2.64,2.01,1.28,1.76,3.86,2.77,1.12,3.24,1.99,3.08,1.51,3.1,3.35,1.82,3.1,1.56,2.24,2.01,1.76,3.76,2.07,3.27,2.95,3.26,2.53,3.44,3.35,2.39,1.59,3.76,4.95,1.92,3.65,3.86,2.36,4.7,2.3,1.57,4.72,4.66
3.15,1.65,2.23,2.33,1.39,2.57,1.9,1.34,2.38,3.8,4.33,4.44,1.66,4.19,3.24,1.19,1.29,4.41,1.75,4.69,4.81,1.63,3.68,1.73,2.24,3.69,1.16,2.98,2.09,1.57,1.09,3.78,4.59,3.75,3.8,4.71,4.58,4.2,2.06,2.94
2.17,3.47,2.85,2.52,1.12,4.2,4.95,3.61,4.9,2.21,1.04,3.94,2.79,1.76,2.95,1.88,3.88,1.88,4.06,2.2,3.45,2.85,2.72,4.61,1.11,4.39,4.37,2.11,4.2,3.55,2.33,3.42,2.37,4.5,1.65,3.19,4.29,2.96,3.29,3.1
4.54,3.34,4.54,2.58,3.35,3.18,1.26,2.54,3.71,3.23,2.09,2.14,2.72,4.22,1.62,3.72,3.65,1.53,1.05,3.78,3.75,4.29,4.42,2.74,2.45,1.91,1.26,2.48,3.44,4.07,3.49,2.21,3.4,1.37,4.11,3.54,3.3,3.84,1.57,3.29
4.7,1.15,3.13,2.69,4.64,2.4,3.86,1.38,2.0,2.14,3.89,2.52,3.18,4.03,2.7,3.9,2.57,2.67,1.01,4.42,1.24,3.06,4.46,4.59,3.0,3.19,3.34,2.71,1.99,3.91,3.51,3.82,1.95,4.8,1.27,2.78,2.67,2.87,1.07,4.3
1.06,4.02,1.35,2.55,4.94,4.55,3.89,3.76,1.41,1.58,2.66,1.45,2.26,4.06,4.63,3.52,2.96,4.28,1.55,4.54,2.57,2.11,1.68,4.68,1.29,3.27,4.17,2.35,2.89,3.05,4.01,3.09,2.01,3.2,3.09,2.21,1.56,1.36,1.22,1.66
1.82,1.48,2.44,3.6,4.04,1.99,2.23,1.56,4.44,2.39,4.49,4.1,3.92,3.94,4.44,3.28,3.41,3.87,4.74,3.67,2.13,1.82,4.13,1.59,4.72,2.45,1.91,1.15,4.76,2.41,4.06,4.58,4.2,1.91,3.18,3.72,3.08,4.66,1.04,4.17
1.58,4.61,2.28,3.95,1.59,2.91,4.06,2.08,3.5,1.36,4.73,3.79,1.07,2.79,2.21,4.28,3.67,2.0,4.88,4.37,1.66,2.2,4.19,1.24,3.16,2.33,2.3,3.13,3.22,2.52,3.86,2.12,4.48,3.98,3.95,2.03,2.87,1.44,2.6,1.88
3.47,1.88,4.05,2.78,1.51,3.99,4.97,4.94,3.75,4.66,1.73,2.58,2.32,2.4,4.97,2.24,1.61,3.43,4.6,1.25,4.43,2.01,3.4,3.19,2.84,3.09,4.42,2.1,1.66,1.34,2.63,4.3,2.76,2.1,2.82,1.48,4.82,3.75,3.55,4.99
2.29,2.25,4.62,1.88,1.17,3.95,4.3,4.8,1.13,4.31,3.72,1.78,4.31,1.32,4.99,4.94,4.82,1.23,4.31,4.21,2.6,1.4,3.49,3.98,4.15,4.65,3.54,2.14,1.76,3.96,3.65,1.94,3.82,2.8,4.17,3.38,3.75,2.94,3.85,4.24
1.34,4.48,2.25,3.36,1.32,1.33,3.58,4.49,3.92,1.58,4.29,2.52,3.59,4.02,1.22,3.8,3.88,4.66,4.23,2.42,4.24,3.86,4.86,2.38,1.89,3.93,1.04,3.02,2.9,1.93,1.06,4.41,1.56,1.2,3.73,4.39,4.47,4.6,3.91,3.34
4.59,4.9,4.4,4.57,3.08,4.94,3.52,3.07,2.4,4.48,2.12,2.98,2.65,1.78,3.26,3.74,3.98,3.51,2.22,2.0,4.98,1.05,2.08,3.86,1.53,3.94,2.36,3.2,4.56,1.58,3.25,2.81,3.2,3.22,3.48,3.64,3.86,1.18,4.68,3.56
1.82,4.16,2.42,4.67,3.38,1.52,3.04,4.14,1.99,1.87,3.85,3.22,2.61,2.99,3.26,2.93,3.37,3.53,2.33,4.95,2.22,2.12,1.05,4.9,4.35,2.76,2.99,4.31,3.59,4.41,1.8,4.33,4.05,3.8,1.34,2.74,4.46,3.94,2.65,2.39
1.99,2.37,3.13,1.43,1.29,1.19,1.7,1.6,3.1,1.95,1.83,3.3,3.19,3.15,3.4,2.26,4.04,4.36,2.08,1.51,4.92,3.17,4.59,4.82,1.09,2.91,2.44,4.1,3.82,4.06,1.94,1.18,3.63,1.97,3.23,1.37,2.82,2.36,3.57,1.25
1.35,3.04,1.45,2.36,3.38,1.85,4.46,2.28,1.67,3.03,1.38,4.32,3.57,4.83,2.54,3.53,3.1,3.67,2.73,4.36,1.6,2.21,3.46,4.57,4.11,4.91,4.53,1.95,1.47,4.21,3.94,1.98,3.08,3.92,4.03,4.76,3.93,3.24,1.58,1.7